0.7209302325581394
0.7837209302325581
0.8348837209302327
0.8279069767441861
0.8395348837209301
0.8511627906976745
0.8348837209302324
0.7813953488372093
0.8279069767441861
0.7813953488372094
0.7023255813953486
0.9069767441860466
0.9255813953488372
0.9627906976744185
0.9674418604651163
0.9767441860465116
0.9744186046511627
0.9767441860465116
0.9767441860465116
0.9767441860465116
0.7348837209302325
0.8595348837209303
0.9055813953488372
0.8620930232558139
0.886511627906977
0.8627906976744185
0.8627906976744186
0.8209302325581396
0.8523255813953488
0.8774418604651163
0.8976744186046514
0.9753488372093025
0.9744186046511628
0.9618604651162788
0.957674418604651
0.9534883720930232
0.9527906976744185
0.9534883720930232
0.9534883720930232
0.9534883720930232
